0 0.306839 0.310902 0.182264 0.158816
0 0.285047 0.411171 0.221887 0.103634
0 0.262759 0.496635 0.203066 0.104980
0 0.275636 0.603634 0.185236 0.125168
0 0.319221 0.716016 0.167406 0.223419
0 0.375188 0.792732 0.118868 0.255720
0 0.443538 0.813594 0.097076 0.246299
0 0.707029 0.655451 0.174340 0.142665
0 0.779835 0.572005 0.193161 0.129206
0 0.732288 0.442799 0.179293 0.150740
0 0.701085 0.343876 0.152547 0.195155
0 0.662453 0.261777 0.140661 0.222073
0 0.596085 0.209960 0.138679 0.244953
0 0.514859 0.173620 0.112925 0.269179