0 0.454031 0.384253 0.106083 0.076716
0 0.395937 0.689771 0.090929 0.074024
0 0.473227 0.704576 0.079815 0.130552
0 0.593454 0.660162 0.083856 0.119785
0 0.666703 0.631898 0.092949 0.109017
0 0.762178 0.591521 0.106083 0.106326
0 0.353504 0.753028 0.096991 0.103634
0 0.270153 0.880215 0.087898 0.107672
0 0.444938 0.931359 0.083856 0.067295
0 0.360071 0.915882 0.079815 0.074024
0 0.356030 0.861373 0.093960 0.086137
0 0.805116 0.634590 0.094970 0.114401
0 0.833910 0.698520 0.108104 0.113055
0 0.683373 0.708614 0.085877 0.100942
0 0.722270 0.742934 0.072743 0.091521
0 0.636898 0.767833 0.079815 0.082100
0 0.610125 0.829744 0.090929 0.082100
0 0.613661 0.891655 0.093960 0.095559
0 0.525763 0.920592 0.085877 0.078062
0 0.524753 0.845222 0.065671 0.094213
0 0.445443 0.878197 0.068702 0.065949
0 0.429278 0.774563 0.064660 0.106326
0 0.269647 0.790713 0.072743 0.117093
0 0.768745 0.849933 0.060619 0.092867
0 0.709136 0.825034 0.090929 0.104980
0 0.800570 0.746972 0.069712 0.072678
0 0.728332 0.714670 0.080825 0.107672
0 0.869271 0.759085 0.065671 0.091521
0 0.279751 0.910498 0.068702 0.098250