0 0.217532 0.388889 0.212662 0.419913
0 0.360795 0.323232 0.187500 0.427128
0 0.489042 0.388889 0.156656 0.327561
0 0.519886 0.185426 0.331981 0.347763
0 0.750406 0.352814 0.171266 0.388167
0 0.064935 0.410534 0.128247 0.396825
0 0.113231 0.653680 0.174513 0.331890
0 0.252435 0.690476 0.175325 0.287157
0 0.426948 0.593795 0.238636 0.255411
0 0.601867 0.629149 0.142045 0.340548
0 0.661526 0.461039 0.181818 0.290043
0 0.909903 0.468975 0.176948 0.262626
0 0.885552 0.630592 0.214286 0.282828
0 0.762175 0.671717 0.225649 0.301587
0 0.713474 0.846320 0.155844 0.255411
0 0.501218 0.808802 0.124188 0.229437
0 0.591315 0.846320 0.117695 0.200577
0 0.846997 0.838384 0.132305 0.216450
0 0.939529 0.844877 0.116071 0.217893
0 0.378653 0.795094 0.145292 0.222222
0 0.198052 0.860029 0.155844 0.178932
0 0.056412 0.763348 0.112824 0.291486
0 0.059253 0.930736 0.118506 0.132756
0 0.194399 0.950938 0.150162 0.098124
0 0.349432 0.923521 0.153409 0.150072
0 0.470779 0.938672 0.120130 0.122655
0 0.580357 0.956710 0.118506 0.086580
0 0.726055 0.942280 0.159903 0.115440
0 0.881899 0.965368 0.187500 0.069264