0 0.274351 0.667247 0.066558 0.147699
0 0.212662 0.643355 0.108766 0.125979
0 0.337662 0.614394 0.086039 0.094122
0 0.191558 0.742545 0.082792 0.144803
0 0.240666 0.729513 0.060877 0.124531
0 0.307224 0.702000 0.056006 0.127427
0 0.366477 0.534753 0.094968 0.062265
0 0.389205 0.594122 0.083604 0.053577
0 0.109172 0.636115 0.116071 0.079642
0 0.139205 0.595570 0.096591 0.070953
0 0.168831 0.567333 0.074675 0.086882
0 0.227679 0.536925 0.038149 0.098466
0 0.271104 0.520996 0.050325 0.098466
0 0.301948 0.527513 0.071429 0.065161
0 0.351055 0.726617 0.051136 0.092674
0 0.414367 0.673764 0.056006 0.070953
0 0.378247 0.709240 0.040584 0.078194
0 0.409497 0.745441 0.036526 0.078194
0 0.443994 0.708516 0.038961 0.073849
0 0.455763 0.633943 0.033279 0.052129
0 0.431006 0.574574 0.032468 0.052129
0 0.094968 0.727341 0.068182 0.091226
0 0.130682 0.691864 0.047078 0.063713
0 0.098620 0.817842 0.057630 0.098466
0 0.148133 0.834495 0.051136 0.076746
0 0.260958 0.838115 0.036526 0.083986
0 0.321834 0.817118 0.057630 0.082538
0 0.372159 0.788158 0.043019 0.070953
0 0.200487 0.822911 0.051948 0.079642
0 0.062500 0.801914 0.050325 0.078194
0 0.049107 0.717204 0.038149 0.073849
0 0.135552 0.772954 0.038961 0.089778
0 0.677354 0.602810 0.098214 0.082538
0 0.725649 0.681728 0.100649 0.150595
0 0.688312 0.715756 0.082792 0.152043
0 0.767857 0.683176 0.102273 0.136115
0 0.772321 0.633219 0.117695 0.114394
0 0.594562 0.705620 0.056006 0.091226
0 0.567776 0.663627 0.043019 0.097018
0 0.571023 0.593398 0.049513 0.098466
0 0.606737 0.603534 0.054383 0.072401
0 0.588474 0.556473 0.071429 0.088330
0 0.639205 0.535477 0.075487 0.095570
0 0.715097 0.806258 0.055195 0.078194
0 0.652192 0.764989 0.054383 0.082538
0 0.647321 0.694036 0.064123 0.131771
0 0.790584 0.782366 0.060065 0.085434
0 0.763393 0.823635 0.036526 0.069505
0 0.820211 0.766437 0.056006 0.088330
0 0.831169 0.738201 0.051948 0.083986
0 0.867289 0.707068 0.068994 0.094122
0 0.878247 0.777298 0.056818 0.083986
0 0.681818 0.524616 0.027597 0.085434
0 0.670860 0.544165 0.062500 0.089778
0 0.715097 0.533305 0.024351 0.053577
0 0.741883 0.564437 0.068182 0.057921