0 0.266226 0.406460 0.200095 0.104980
0 0.305849 0.314939 0.180283 0.166891
0 0.509410 0.165545 0.094104 0.290713
0 0.592618 0.194482 0.123821 0.248991
0 0.662948 0.245626 0.155519 0.219381
0 0.712477 0.344549 0.199104 0.185734
0 0.731793 0.444145 0.200095 0.156124
0 0.784788 0.572678 0.191180 0.127860
0 0.708514 0.651413 0.179293 0.145357
0 0.442052 0.814939 0.086179 0.257066
0 0.389056 0.793405 0.085189 0.265141
0 0.328137 0.718035 0.161463 0.238223
0 0.270188 0.614401 0.194151 0.157470
0 0.262759 0.503365 0.212972 0.104980