0 0.304363 0.308210 0.205047 0.166891
0 0.277122 0.406460 0.219906 0.110363
0 0.259787 0.504038 0.199104 0.117093
0 0.269693 0.611709 0.195142 0.122476
0 0.318231 0.724092 0.163444 0.239569
0 0.380141 0.792059 0.108962 0.251682
0 0.441557 0.818977 0.105000 0.251682
0 0.708019 0.656797 0.188208 0.148048
0 0.776864 0.570659 0.193161 0.148048
0 0.729812 0.447510 0.176321 0.144011
0 0.721392 0.353970 0.195142 0.164199
0 0.654529 0.261104 0.150566 0.199192
0 0.583703 0.213997 0.143632 0.231494
0 0.506934 0.174293 0.114906 0.267833