0 0.527192 0.176046 0.317370 0.331890
0 0.755682 0.344156 0.160714 0.365079
0 0.915584 0.470418 0.163961 0.248196
0 0.895698 0.640693 0.184253 0.285714
0 0.767451 0.663059 0.185877 0.252525
0 0.665584 0.461039 0.193182 0.269841
0 0.488636 0.388889 0.172078 0.304473
0 0.365260 0.328283 0.173701 0.417027
0 0.209416 0.403319 0.201299 0.391053
0 0.110390 0.638528 0.150974 0.330447
0 0.415990 0.589466 0.218344 0.249639
0 0.598214 0.625541 0.134740 0.304473
0 0.382305 0.772006 0.139610 0.245310
0 0.500000 0.792929 0.131494 0.249639
0 0.597808 0.850649 0.120942 0.194805
0 0.723620 0.844156 0.146916 0.248196
0 0.844156 0.846320 0.121753 0.209235
0 0.949269 0.828283 0.101461 0.207792
0 0.061282 0.401154 0.122564 0.430014
0 0.257305 0.693362 0.157468 0.304473
0 0.213474 0.878066 0.131494 0.191919
0 0.067370 0.769120 0.134740 0.277056
0 0.061688 0.921356 0.123376 0.154401
0 0.180195 0.953102 0.175325 0.093795
0 0.346591 0.926407 0.162338 0.138528
0 0.473620 0.934343 0.119318 0.128427
0 0.579951 0.956710 0.135552 0.080808
0 0.885146 0.962482 0.174513 0.075036
0 0.714286 0.948773 0.154221 0.102453