0 0.300896 0.314266 0.190189 0.146703
0 0.280094 0.407133 0.202076 0.106326
0 0.265235 0.500000 0.211981 0.109017
0 0.273655 0.612382 0.203066 0.118439
0 0.320212 0.727456 0.163444 0.240915
0 0.379151 0.791386 0.118868 0.236878
0 0.436604 0.816958 0.110944 0.247645
0 0.695142 0.660162 0.206038 0.122476
0 0.780826 0.576043 0.210991 0.139973
0 0.734765 0.447510 0.217925 0.090175
0 0.701085 0.348587 0.168396 0.185734
0 0.503962 0.170929 0.091132 0.269179
0 0.586675 0.193809 0.135708 0.250336
0 0.663939 0.246972 0.173349 0.211306