0 0.397013 0.485868 0.113641 0.118439
0 0.323324 0.589502 0.102987 0.153432
0 0.458273 0.611036 0.165134 0.139973
0 0.556376 0.622476 0.174900 0.179004
0 0.705530 0.624495 0.142939 0.118439
0 0.734384 0.824361 0.138500 0.192463
0 0.263396 0.913190 0.197984 0.135935
0 0.202581 0.658143 0.181115 0.126514
0 0.579016 0.846568 0.143827 0.118439
0 0.568806 0.741588 0.190881 0.080754
0 0.619855 0.692463 0.147378 0.098250
0 0.354842 0.730148 0.199759 0.111709
0 0.141321 0.844549 0.150929 0.138627
0 0.153751 0.767160 0.051493 0.121131
0 0.223001 0.769179 0.076352 0.127860
0 0.250079 0.800808 0.059484 0.088829
0 0.328207 0.820323 0.080791 0.114401
0 0.486239 0.829071 0.123407 0.126514
0 0.397457 0.840511 0.087894 0.133244
0 0.253630 0.573351 0.132285 0.166891
0 0.514205 0.920592 0.200647 0.088829
0 0.692657 0.673620 0.131397 0.133244