0 0.521104 0.166667 0.324675 0.327561
0 0.365666 0.334776 0.184253 0.395382
0 0.481331 0.370851 0.165584 0.314574
0 0.663149 0.451659 0.185065 0.277056
0 0.753247 0.349928 0.165584 0.373737
0 0.915179 0.476190 0.169642 0.268398
0 0.759334 0.667388 0.195617 0.272727
0 0.897727 0.629149 0.194805 0.279942
0 0.949675 0.814574 0.100649 0.235209
0 0.119724 0.648629 0.168019 0.318903
0 0.060877 0.411255 0.121753 0.398268
0 0.214692 0.395382 0.206981 0.424242
0 0.422484 0.605339 0.231331 0.258297
0 0.607549 0.632035 0.143669 0.308802
0 0.503653 0.795094 0.132305 0.245310
0 0.386364 0.791486 0.147727 0.194805
0 0.269075 0.704906 0.125812 0.243867
0 0.062094 0.768398 0.124188 0.304473
0 0.211039 0.865079 0.162338 0.191919
0 0.060065 0.911255 0.120130 0.168831
0 0.192776 0.948052 0.164773 0.098124
0 0.348214 0.924964 0.155844 0.147186
0 0.473214 0.936508 0.120130 0.124098
0 0.587662 0.958153 0.131494 0.083694
0 0.601867 0.860029 0.120942 0.170274
0 0.718750 0.841270 0.146916 0.268398
0 0.726461 0.955988 0.147727 0.088023
0 0.854302 0.836941 0.138799 0.207792
0 0.851055 0.950938 0.129058 0.098124
0 0.954545 0.940837 0.090909 0.118326