0 0.293217 0.633917 0.064732 0.056528
0 0.366490 0.627860 0.081814 0.049798
0 0.370086 0.677658 0.106988 0.052490
0 0.277483 0.674966 0.101594 0.052490
0 0.264447 0.726783 0.104291 0.037685
0 0.257254 0.762450 0.115079 0.052490
0 0.246466 0.799462 0.100694 0.061911
0 0.139478 0.802153 0.115079 0.051144
0 0.141276 0.762450 0.118676 0.065949
0 0.160156 0.716689 0.095300 0.055182
0 0.363343 0.809556 0.116878 0.041723
0 0.367838 0.761777 0.109685 0.053836
0 0.375480 0.727456 0.114180 0.047106
0 0.587658 0.671602 0.101594 0.053836
0 0.693747 0.686406 0.103392 0.040377
0 0.700040 0.716689 0.110584 0.047106
0 0.706334 0.799462 0.103392 0.069987
0 0.816019 0.794751 0.106988 0.052490
0 0.810624 0.750336 0.124969 0.044415
0 0.807478 0.704576 0.111483 0.044415
0 0.589906 0.714670 0.104291 0.069987
0 0.602942 0.790040 0.110584 0.045760
0 0.592153 0.766487 0.110584 0.047106
0 0.692398 0.761104 0.104291 0.049798
0 0.428525 0.659489 0.018880 0.045760
0 0.222641 0.652759 0.089007 0.045760
0 0.188027 0.696501 0.093502 0.047106