0 0.520190 0.724764 0.151651 0.055182
0 0.521088 0.769179 0.043970 0.065949
0 0.476220 0.779273 0.045765 0.083445
0 0.417893 0.772544 0.074480 0.051144
0 0.375269 0.761777 0.111271 0.064603
0 0.329953 0.898385 0.058327 0.057873
0 0.377512 0.882234 0.038586 0.098250
0 0.430007 0.888964 0.052046 0.079408
0 0.484745 0.868775 0.062814 0.074024
0 0.541278 0.863392 0.046662 0.076716
0 0.600951 0.856662 0.058327 0.052490
0 0.645370 0.858681 0.039483 0.051144
0 0.272074 0.908479 0.055635 0.061911
0 0.228104 0.905787 0.041278 0.078062
0 0.316941 0.823688 0.062814 0.048452
0 0.565955 0.806191 0.103195 0.075370
0 0.302584 0.865410 0.107682 0.032301
0 0.434494 0.817631 0.068198 0.049798
0 0.633705 0.827052 0.039483 0.055182
0 0.473528 0.721400 0.090632 0.045760