0 0.518669 0.168110 0.316558 0.330447
0 0.065341 0.403319 0.130682 0.411255
0 0.119724 0.655123 0.153409 0.331890
0 0.216315 0.409091 0.202110 0.405483
0 0.362013 0.330447 0.185065 0.383838
0 0.506899 0.414863 0.145292 0.275613
0 0.766234 0.350649 0.162338 0.409812
0 0.665990 0.461760 0.172890 0.268398
0 0.916802 0.471140 0.166396 0.264069
0 0.916802 0.647908 0.166396 0.251082
0 0.776380 0.684704 0.179383 0.284271
0 0.603490 0.645743 0.155032 0.292929
0 0.428977 0.612554 0.229708 0.223665
0 0.261364 0.716450 0.134740 0.272727
0 0.203734 0.864358 0.152597 0.190476
0 0.382305 0.797258 0.123377 0.258297
0 0.508523 0.803030 0.137175 0.226551
0 0.855114 0.843434 0.114448 0.206349
0 0.948864 0.849206 0.097403 0.200577
0 0.715909 0.839827 0.160714 0.259740
0 0.607143 0.848485 0.105519 0.202020
0 0.056818 0.779942 0.113636 0.269841
0 0.058036 0.933622 0.116071 0.126984
0 0.192370 0.946609 0.157468 0.106782
0 0.353490 0.917027 0.150162 0.157287
0 0.474026 0.932179 0.113636 0.132756
0 0.586445 0.953824 0.122565 0.086580
0 0.889205 0.969697 0.171266 0.060606
0 0.728084 0.939394 0.152597 0.115440