0 0.359210 0.473082 0.075953 0.103634
0 0.436552 0.493943 0.073174 0.110363
0 0.513894 0.493943 0.079658 0.091521
0 0.370325 0.574697 0.151905 0.080754
0 0.484717 0.596904 0.095404 0.095559
0 0.493516 0.675639 0.077805 0.069987
0 0.590773 0.609690 0.159315 0.139973
0 0.634307 0.582100 0.174135 0.109017
0 0.532882 0.809556 0.100961 0.098250
0 0.528251 0.734186 0.097256 0.082100
0 0.582436 0.683042 0.120413 0.125168
0 0.669504 0.682369 0.109298 0.099596
0 0.640790 0.707941 0.055575 0.086137
0 0.619023 0.783984 0.106519 0.087483
0 0.693124 0.765141 0.097256 0.079408
0 0.351337 0.773217 0.095404 0.106326
0 0.438404 0.796770 0.091699 0.099596
0 0.435162 0.710633 0.083363 0.113055
0 0.418490 0.640646 0.064838 0.083445
0 0.346242 0.643338 0.074100 0.064603
0 0.362452 0.694482 0.087994 0.086137
0 0.273068 0.762450 0.094478 0.092867
0 0.281868 0.679004 0.084289 0.103634
0 0.265195 0.606326 0.067616 0.071332
0 0.305950 0.532301 0.149127 0.082100
0 0.222588 0.526245 0.108371 0.069987
0 0.197579 0.570659 0.110224 0.064603
0 0.211473 0.643338 0.089846 0.107672
0 0.195263 0.731494 0.092625 0.084791
0 0.128110 0.693136 0.125044 0.102288
0 0.152656 0.632571 0.075953 0.080754
0 0.077166 0.584791 0.034271 0.068641
0 0.112364 0.563930 0.060206 0.104980
0 0.172107 0.508075 0.055575 0.057873
0 0.802421 0.831763 0.073174 0.110363
0 0.874206 0.862719 0.100035 0.099596
0 0.882542 0.915209 0.055575 0.075370
0 0.895510 0.785330 0.179693 0.114401
0 0.957105 0.871467 0.067616 0.122476
0 0.943212 0.926649 0.065764 0.090175
0 0.771392 0.781965 0.079658 0.113055
0 0.868185 0.687752 0.091699 0.137281
0 0.942285 0.696501 0.106519 0.135935
0 0.781581 0.665545 0.062985 0.071332
0 0.828819 0.691790 0.055575 0.067295