0 0.249664 0.339166 0.118439 0.056528
0 0.657918 0.421938 0.082548 0.114401
0 0.579856 0.409825 0.077165 0.100942
0 0.511216 0.384253 0.079856 0.130552
0 0.480260 0.471063 0.087932 0.094213
0 0.563257 0.520861 0.088829 0.142665
0 0.505384 0.569314 0.073576 0.099596
0 0.591969 0.602961 0.078062 0.099596
0 0.666442 0.530283 0.122925 0.137281
0 0.706819 0.635935 0.135487 0.111709
0 0.731943 0.711306 0.130103 0.098250
0 0.623374 0.700538 0.112158 0.109017
0 0.631449 0.788022 0.110363 0.138627
0 0.536339 0.733513 0.076267 0.099596
0 0.748542 0.798789 0.109466 0.111709
0 0.885375 0.808883 0.149843 0.113055
0 0.831987 0.702557 0.118439 0.094213
0 0.806415 0.617093 0.115747 0.079408
0 0.786227 0.525572 0.170480 0.111709
0 0.911395 0.691117 0.070884 0.076716
0 0.942351 0.758412 0.104083 0.071332
0 0.954015 0.693809 0.043069 0.068641
0 0.891655 0.606999 0.040377 0.096904
0 0.494616 0.663526 0.131000 0.088829
0 0.448856 0.688425 0.095110 0.098250
0 0.396366 0.643338 0.058322 0.083445
0 0.429116 0.588829 0.071781 0.087483
0 0.395469 0.512786 0.096007 0.086137
0 0.419246 0.440108 0.105877 0.061911
0 0.237102 0.446164 0.062808 0.087483
0 0.350157 0.456931 0.046658 0.063257
0 0.319201 0.519515 0.081651 0.069987
0 0.370794 0.574697 0.068192 0.075370
0 0.336249 0.606326 0.079856 0.071332
0 0.173396 0.420592 0.053836 0.076716
0 0.192687 0.497308 0.061911 0.074024
0 0.264468 0.508075 0.058322 0.057873
0 0.320099 0.386945 0.043966 0.074024
0 0.278825 0.403096 0.040377 0.057873
0 0.235756 0.390983 0.060117 0.068641
0 0.125393 0.468371 0.070884 0.067295
0 0.132122 0.405114 0.087932 0.056528
0 0.151413 0.341184 0.094213 0.087483
0 0.064827 0.335128 0.080754 0.056528
0 0.223194 0.310229 0.130103 0.049798