0 0.183280 0.678331 0.093037 0.080754
0 0.214457 0.752355 0.105903 0.118439
0 0.348073 0.785330 0.173206 0.098250
0 0.472287 0.763795 0.102934 0.119785
0 0.638565 0.769852 0.120750 0.088829
0 0.740014 0.795424 0.090067 0.104980
0 0.814246 0.786676 0.101944 0.063257
0 0.777625 0.753701 0.101944 0.029610
0 0.394592 0.713324 0.099965 0.078062
0 0.268398 0.712651 0.083139 0.068641
0 0.252068 0.677658 0.032662 0.074024
0 0.300565 0.678331 0.064334 0.069987
0 0.319371 0.649394 0.090067 0.060565
0 0.599965 0.709960 0.112832 0.057873
0 0.686073 0.732167 0.057406 0.059219