0 0.296438 0.296097 0.203066 0.169583
0 0.269693 0.412517 0.230802 0.114401
0 0.265235 0.500000 0.196132 0.138627
0 0.273655 0.613728 0.191180 0.153432
0 0.316745 0.721400 0.176321 0.242261
0 0.374693 0.788694 0.115896 0.244953
0 0.437099 0.817631 0.102028 0.259758
0 0.706533 0.653432 0.179293 0.154778
0 0.781321 0.576716 0.204057 0.135935
0 0.729812 0.444818 0.174340 0.165545
0 0.704552 0.349933 0.165425 0.196501
0 0.666415 0.253028 0.152547 0.220727
0 0.588656 0.203903 0.119859 0.257066
0 0.507429 0.182369 0.111934 0.238223