0 0.305742 0.450202 0.162405 0.119785
0 0.281516 0.518170 0.133692 0.080754
0 0.407133 0.534993 0.137281 0.125168
0 0.465007 0.615747 0.100493 0.117093
0 0.391431 0.602288 0.061014 0.084791
0 0.342530 0.617093 0.097802 0.074024
0 0.364065 0.700538 0.108569 0.117093
0 0.375729 0.802153 0.094213 0.131898
0 0.477568 0.824361 0.104083 0.141319
0 0.467250 0.711306 0.106774 0.144011
0 0.428219 0.456931 0.096904 0.092867
0 0.547106 0.485195 0.210857 0.100942
0 0.588380 0.534993 0.205473 0.106326
0 0.579856 0.615747 0.188425 0.114401
0 0.595110 0.660834 0.168686 0.107672
0 0.593315 0.745626 0.148946 0.126514
0 0.584791 0.832436 0.108569 0.141319
0 0.696949 0.837820 0.106774 0.130552
0 0.721175 0.735532 0.112158 0.119785
0 0.731943 0.624495 0.130103 0.080754
0 0.710408 0.572678 0.070884 0.079408
0 0.804172 0.850606 0.116644 0.102288
0 0.805518 0.740242 0.085240 0.096904
0 0.878197 0.829071 0.079856 0.134590
0 0.277927 0.772544 0.099596 0.148048
0 0.239345 0.687079 0.155227 0.130552
0 0.182369 0.742261 0.095110 0.130552
0 0.131673 0.727456 0.034993 0.111709
0 0.110588 0.693809 0.053836 0.130552
0 0.144684 0.627187 0.044863 0.131898
0 0.232167 0.590848 0.119336 0.145357
0 0.268506 0.574697 0.127411 0.088829