0 0.517857 0.168831 0.297078 0.326118
0 0.760958 0.338384 0.158279 0.370851
0 0.669643 0.462482 0.172078 0.252525
0 0.482955 0.387446 0.172078 0.327561
0 0.370130 0.331169 0.193182 0.425685
0 0.213880 0.401876 0.232955 0.405483
0 0.060471 0.402597 0.120942 0.366522
0 0.117289 0.642136 0.176136 0.297258
0 0.050731 0.766955 0.101461 0.310245
0 0.060471 0.927128 0.120942 0.137085
0 0.193182 0.964646 0.150974 0.070707
0 0.202110 0.859307 0.157468 0.203463
0 0.254464 0.702020 0.169643 0.298701
0 0.378653 0.769120 0.135552 0.294372
0 0.342532 0.925685 0.149351 0.148629
0 0.509334 0.808802 0.106331 0.203463
0 0.414367 0.608947 0.226461 0.245310
0 0.600649 0.646465 0.154221 0.314574
0 0.604708 0.854257 0.099026 0.196248
0 0.469156 0.933622 0.128247 0.129870
0 0.584821 0.963203 0.116071 0.073593
0 0.725649 0.951659 0.149351 0.096681
0 0.728896 0.839827 0.146104 0.236652
0 0.765422 0.679654 0.196429 0.277056
0 0.916396 0.464646 0.167208 0.274170
0 0.893263 0.627706 0.198864 0.317460
0 0.953328 0.837662 0.086851 0.212121
0 0.859172 0.852814 0.122565 0.202020
0 0.882711 0.956710 0.200487 0.080808